{
 "cells": [
  {
   "cell_type": "code",
   "execution_count": 1,
   "metadata": {},
   "outputs": [],
   "source": [
    "import pandas as pd"
   ]
  },
  {
   "cell_type": "code",
   "execution_count": 2,
   "metadata": {},
   "outputs": [
    {
     "data": {
      "text/html": [
       "<div>\n",
       "<style scoped>\n",
       "    .dataframe tbody tr th:only-of-type {\n",
       "        vertical-align: middle;\n",
       "    }\n",
       "\n",
       "    .dataframe tbody tr th {\n",
       "        vertical-align: top;\n",
       "    }\n",
       "\n",
       "    .dataframe thead th {\n",
       "        text-align: right;\n",
       "    }\n",
       "</style>\n",
       "<table border=\"1\" class=\"dataframe\">\n",
       "  <thead>\n",
       "    <tr style=\"text-align: right;\">\n",
       "      <th></th>\n",
       "      <th>Time</th>\n",
       "      <th>Unnamed: 1</th>\n",
       "      <th>D1</th>\n",
       "      <th>D2</th>\n",
       "      <th>D3</th>\n",
       "    </tr>\n",
       "  </thead>\n",
       "  <tbody>\n",
       "    <tr>\n",
       "      <th>0</th>\n",
       "      <td>3/14/1981</td>\n",
       "      <td>00-00-00</td>\n",
       "      <td>11.3</td>\n",
       "      <td>18.8</td>\n",
       "      <td>10.6</td>\n",
       "    </tr>\n",
       "    <tr>\n",
       "      <th>1</th>\n",
       "      <td>3/15/1981</td>\n",
       "      <td>00-00-00</td>\n",
       "      <td>10.6</td>\n",
       "      <td>21.9</td>\n",
       "      <td>9.0</td>\n",
       "    </tr>\n",
       "    <tr>\n",
       "      <th>2</th>\n",
       "      <td>3/16/1981</td>\n",
       "      <td>00-00-00</td>\n",
       "      <td>11.7</td>\n",
       "      <td>19.9</td>\n",
       "      <td>10.0</td>\n",
       "    </tr>\n",
       "    <tr>\n",
       "      <th>3</th>\n",
       "      <td>3/17/1981</td>\n",
       "      <td>00-00-00</td>\n",
       "      <td>14.2</td>\n",
       "      <td>16.6</td>\n",
       "      <td>9.8</td>\n",
       "    </tr>\n",
       "    <tr>\n",
       "      <th>4</th>\n",
       "      <td>3/18/1981</td>\n",
       "      <td>00-00-00</td>\n",
       "      <td>11.2</td>\n",
       "      <td>16.8</td>\n",
       "      <td>11.5</td>\n",
       "    </tr>\n",
       "    <tr>\n",
       "      <th>5</th>\n",
       "      <td>3/19/1981</td>\n",
       "      <td>00-00-00</td>\n",
       "      <td>16.9</td>\n",
       "      <td>14.6</td>\n",
       "      <td>8.9</td>\n",
       "    </tr>\n",
       "    <tr>\n",
       "      <th>6</th>\n",
       "      <td>3/20/1981</td>\n",
       "      <td>00-00-00</td>\n",
       "      <td>16.7</td>\n",
       "      <td>17.1</td>\n",
       "      <td>7.4</td>\n",
       "    </tr>\n",
       "    <tr>\n",
       "      <th>7</th>\n",
       "      <td>3/21/1981</td>\n",
       "      <td>00-00-00</td>\n",
       "      <td>8.1</td>\n",
       "      <td>25.0</td>\n",
       "      <td>9.9</td>\n",
       "    </tr>\n",
       "    <tr>\n",
       "      <th>8</th>\n",
       "      <td>3/22/1981</td>\n",
       "      <td>00-00-00</td>\n",
       "      <td>8.0</td>\n",
       "      <td>15.0</td>\n",
       "      <td>9.3</td>\n",
       "    </tr>\n",
       "    <tr>\n",
       "      <th>9</th>\n",
       "      <td>3/23/1981</td>\n",
       "      <td>00-00-00</td>\n",
       "      <td>8.8</td>\n",
       "      <td>13.7</td>\n",
       "      <td>9.9</td>\n",
       "    </tr>\n",
       "    <tr>\n",
       "      <th>10</th>\n",
       "      <td>3/24/1981</td>\n",
       "      <td>00-00-00</td>\n",
       "      <td>13.4</td>\n",
       "      <td>13.9</td>\n",
       "      <td>7.4</td>\n",
       "    </tr>\n",
       "    <tr>\n",
       "      <th>11</th>\n",
       "      <td>3/25/1981</td>\n",
       "      <td>00-00-00</td>\n",
       "      <td>10.9</td>\n",
       "      <td>18.3</td>\n",
       "      <td>5.3</td>\n",
       "    </tr>\n",
       "    <tr>\n",
       "      <th>12</th>\n",
       "      <td>3/26/1981</td>\n",
       "      <td>00-00-00</td>\n",
       "      <td>13.4</td>\n",
       "      <td>22.0</td>\n",
       "      <td>6.6</td>\n",
       "    </tr>\n",
       "    <tr>\n",
       "      <th>13</th>\n",
       "      <td>3/27/1981</td>\n",
       "      <td>00-00-00</td>\n",
       "      <td>11.0</td>\n",
       "      <td>22.1</td>\n",
       "      <td>8.5</td>\n",
       "    </tr>\n",
       "    <tr>\n",
       "      <th>14</th>\n",
       "      <td>3/28/1981</td>\n",
       "      <td>00-00-00</td>\n",
       "      <td>15.0</td>\n",
       "      <td>21.2</td>\n",
       "      <td>11.2</td>\n",
       "    </tr>\n",
       "    <tr>\n",
       "      <th>15</th>\n",
       "      <td>3/29/1981</td>\n",
       "      <td>00-00-00</td>\n",
       "      <td>15.7</td>\n",
       "      <td>18.4</td>\n",
       "      <td>9.8</td>\n",
       "    </tr>\n",
       "    <tr>\n",
       "      <th>16</th>\n",
       "      <td>3/30/1981</td>\n",
       "      <td>00-00-00</td>\n",
       "      <td>14.5</td>\n",
       "      <td>16.6</td>\n",
       "      <td>5.9</td>\n",
       "    </tr>\n",
       "    <tr>\n",
       "      <th>17</th>\n",
       "      <td>3/31/1981</td>\n",
       "      <td>00-00-00</td>\n",
       "      <td>15.8</td>\n",
       "      <td>16.1</td>\n",
       "      <td>3.2</td>\n",
       "    </tr>\n",
       "    <tr>\n",
       "      <th>18</th>\n",
       "      <td>1/20/1981</td>\n",
       "      <td>00-00-00</td>\n",
       "      <td>15.5</td>\n",
       "      <td>15.7</td>\n",
       "      <td>2.1</td>\n",
       "    </tr>\n",
       "    <tr>\n",
       "      <th>19</th>\n",
       "      <td>1/21/1981</td>\n",
       "      <td>00-00-00</td>\n",
       "      <td>18.2</td>\n",
       "      <td>16.6</td>\n",
       "      <td>3.4</td>\n",
       "    </tr>\n",
       "    <tr>\n",
       "      <th>20</th>\n",
       "      <td>1/22/1981</td>\n",
       "      <td>00-00-00</td>\n",
       "      <td>12.1</td>\n",
       "      <td>16.5</td>\n",
       "      <td>5.4</td>\n",
       "    </tr>\n",
       "    <tr>\n",
       "      <th>21</th>\n",
       "      <td>1/23/1981</td>\n",
       "      <td>00-00-00</td>\n",
       "      <td>14.4</td>\n",
       "      <td>14.4</td>\n",
       "      <td>9.6</td>\n",
       "    </tr>\n",
       "    <tr>\n",
       "      <th>22</th>\n",
       "      <td>1/24/1981</td>\n",
       "      <td>00-00-00</td>\n",
       "      <td>16.0</td>\n",
       "      <td>14.4</td>\n",
       "      <td>11.5</td>\n",
       "    </tr>\n",
       "    <tr>\n",
       "      <th>23</th>\n",
       "      <td>1/25/1981</td>\n",
       "      <td>00-00-00</td>\n",
       "      <td>16.5</td>\n",
       "      <td>18.5</td>\n",
       "      <td>12.3</td>\n",
       "    </tr>\n",
       "    <tr>\n",
       "      <th>24</th>\n",
       "      <td>1/26/1981</td>\n",
       "      <td>00-00-00</td>\n",
       "      <td>18.7</td>\n",
       "      <td>16.9</td>\n",
       "      <td>12.6</td>\n",
       "    </tr>\n",
       "    <tr>\n",
       "      <th>25</th>\n",
       "      <td>1/27/1981</td>\n",
       "      <td>00-00-00</td>\n",
       "      <td>19.4</td>\n",
       "      <td>17.5</td>\n",
       "      <td>11.0</td>\n",
       "    </tr>\n",
       "    <tr>\n",
       "      <th>26</th>\n",
       "      <td>1/28/1981</td>\n",
       "      <td>00-00-00</td>\n",
       "      <td>17.2</td>\n",
       "      <td>21.2</td>\n",
       "      <td>11.2</td>\n",
       "    </tr>\n",
       "    <tr>\n",
       "      <th>27</th>\n",
       "      <td>1/29/1981</td>\n",
       "      <td>00-00-00</td>\n",
       "      <td>15.5</td>\n",
       "      <td>7.0</td>\n",
       "      <td>15.4</td>\n",
       "    </tr>\n",
       "    <tr>\n",
       "      <th>28</th>\n",
       "      <td>1/30/1981</td>\n",
       "      <td>00-00-00</td>\n",
       "      <td>15.1</td>\n",
       "      <td>7.2</td>\n",
       "      <td>15.5</td>\n",
       "    </tr>\n",
       "  </tbody>\n",
       "</table>\n",
       "</div>"
      ],
      "text/plain": [
       "         Time Unnamed: 1    D1    D2    D3\n",
       "0   3/14/1981   00-00-00  11.3  18.8  10.6\n",
       "1   3/15/1981   00-00-00  10.6  21.9   9.0\n",
       "2   3/16/1981   00-00-00  11.7  19.9  10.0\n",
       "3   3/17/1981   00-00-00  14.2  16.6   9.8\n",
       "4   3/18/1981   00-00-00  11.2  16.8  11.5\n",
       "5   3/19/1981   00-00-00  16.9  14.6   8.9\n",
       "6   3/20/1981   00-00-00  16.7  17.1   7.4\n",
       "7   3/21/1981   00-00-00   8.1  25.0   9.9\n",
       "8   3/22/1981   00-00-00   8.0  15.0   9.3\n",
       "9   3/23/1981   00-00-00   8.8  13.7   9.9\n",
       "10  3/24/1981   00-00-00  13.4  13.9   7.4\n",
       "11  3/25/1981   00-00-00  10.9  18.3   5.3\n",
       "12  3/26/1981   00-00-00  13.4  22.0   6.6\n",
       "13  3/27/1981   00-00-00  11.0  22.1   8.5\n",
       "14  3/28/1981   00-00-00  15.0  21.2  11.2\n",
       "15  3/29/1981   00-00-00  15.7  18.4   9.8\n",
       "16  3/30/1981   00-00-00  14.5  16.6   5.9\n",
       "17  3/31/1981   00-00-00  15.8  16.1   3.2\n",
       "18  1/20/1981   00-00-00  15.5  15.7   2.1\n",
       "19  1/21/1981   00-00-00  18.2  16.6   3.4\n",
       "20  1/22/1981   00-00-00  12.1  16.5   5.4\n",
       "21  1/23/1981   00-00-00  14.4  14.4   9.6\n",
       "22  1/24/1981   00-00-00  16.0  14.4  11.5\n",
       "23  1/25/1981   00-00-00  16.5  18.5  12.3\n",
       "24  1/26/1981   00-00-00  18.7  16.9  12.6\n",
       "25  1/27/1981   00-00-00  19.4  17.5  11.0\n",
       "26  1/28/1981   00-00-00  17.2  21.2  11.2\n",
       "27  1/29/1981   00-00-00  15.5   7.0  15.4\n",
       "28  1/30/1981   00-00-00  15.1   7.2  15.5"
      ]
     },
     "execution_count": 2,
     "metadata": {},
     "output_type": "execute_result"
    }
   ],
   "source": [
    "data = pd.read_csv(\"./data/dataset2.csv\")\n",
    "data"
   ]
  },
  {
   "cell_type": "code",
   "execution_count": 3,
   "metadata": {},
   "outputs": [
    {
     "data": {
      "text/html": [
       "<div>\n",
       "<style scoped>\n",
       "    .dataframe tbody tr th:only-of-type {\n",
       "        vertical-align: middle;\n",
       "    }\n",
       "\n",
       "    .dataframe tbody tr th {\n",
       "        vertical-align: top;\n",
       "    }\n",
       "\n",
       "    .dataframe thead th {\n",
       "        text-align: right;\n",
       "    }\n",
       "</style>\n",
       "<table border=\"1\" class=\"dataframe\">\n",
       "  <thead>\n",
       "    <tr style=\"text-align: right;\">\n",
       "      <th></th>\n",
       "      <th>Time</th>\n",
       "      <th>Unnamed: 1</th>\n",
       "      <th>D1</th>\n",
       "      <th>D2</th>\n",
       "      <th>D3</th>\n",
       "    </tr>\n",
       "  </thead>\n",
       "  <tbody>\n",
       "    <tr>\n",
       "      <th>0</th>\n",
       "      <td>3/14/1981</td>\n",
       "      <td>00-00-00</td>\n",
       "      <td>11.3</td>\n",
       "      <td>18.8</td>\n",
       "      <td>10.6</td>\n",
       "    </tr>\n",
       "    <tr>\n",
       "      <th>1</th>\n",
       "      <td>3/15/1981</td>\n",
       "      <td>00-00-00</td>\n",
       "      <td>10.6</td>\n",
       "      <td>21.9</td>\n",
       "      <td>9.0</td>\n",
       "    </tr>\n",
       "    <tr>\n",
       "      <th>2</th>\n",
       "      <td>3/16/1981</td>\n",
       "      <td>00-00-00</td>\n",
       "      <td>11.7</td>\n",
       "      <td>19.9</td>\n",
       "      <td>10.0</td>\n",
       "    </tr>\n",
       "    <tr>\n",
       "      <th>3</th>\n",
       "      <td>3/17/1981</td>\n",
       "      <td>00-00-00</td>\n",
       "      <td>14.2</td>\n",
       "      <td>16.6</td>\n",
       "      <td>9.8</td>\n",
       "    </tr>\n",
       "    <tr>\n",
       "      <th>4</th>\n",
       "      <td>3/18/1981</td>\n",
       "      <td>00-00-00</td>\n",
       "      <td>11.2</td>\n",
       "      <td>16.8</td>\n",
       "      <td>11.5</td>\n",
       "    </tr>\n",
       "  </tbody>\n",
       "</table>\n",
       "</div>"
      ],
      "text/plain": [
       "        Time Unnamed: 1    D1    D2    D3\n",
       "0  3/14/1981   00-00-00  11.3  18.8  10.6\n",
       "1  3/15/1981   00-00-00  10.6  21.9   9.0\n",
       "2  3/16/1981   00-00-00  11.7  19.9  10.0\n",
       "3  3/17/1981   00-00-00  14.2  16.6   9.8\n",
       "4  3/18/1981   00-00-00  11.2  16.8  11.5"
      ]
     },
     "execution_count": 3,
     "metadata": {},
     "output_type": "execute_result"
    }
   ],
   "source": [
    "data.head()"
   ]
  },
  {
   "cell_type": "code",
   "execution_count": 4,
   "metadata": {},
   "outputs": [
    {
     "data": {
      "text/html": [
       "<div>\n",
       "<style scoped>\n",
       "    .dataframe tbody tr th:only-of-type {\n",
       "        vertical-align: middle;\n",
       "    }\n",
       "\n",
       "    .dataframe tbody tr th {\n",
       "        vertical-align: top;\n",
       "    }\n",
       "\n",
       "    .dataframe thead th {\n",
       "        text-align: right;\n",
       "    }\n",
       "</style>\n",
       "<table border=\"1\" class=\"dataframe\">\n",
       "  <thead>\n",
       "    <tr style=\"text-align: right;\">\n",
       "      <th></th>\n",
       "      <th>Unnamed: 1</th>\n",
       "      <th>D1</th>\n",
       "      <th>D2</th>\n",
       "      <th>D3</th>\n",
       "    </tr>\n",
       "    <tr>\n",
       "      <th>Time</th>\n",
       "      <th></th>\n",
       "      <th></th>\n",
       "      <th></th>\n",
       "      <th></th>\n",
       "    </tr>\n",
       "  </thead>\n",
       "  <tbody>\n",
       "    <tr>\n",
       "      <th>1981-03-14</th>\n",
       "      <td>00-00-00</td>\n",
       "      <td>11.3</td>\n",
       "      <td>18.8</td>\n",
       "      <td>10.6</td>\n",
       "    </tr>\n",
       "    <tr>\n",
       "      <th>1981-03-15</th>\n",
       "      <td>00-00-00</td>\n",
       "      <td>10.6</td>\n",
       "      <td>21.9</td>\n",
       "      <td>9.0</td>\n",
       "    </tr>\n",
       "    <tr>\n",
       "      <th>1981-03-16</th>\n",
       "      <td>00-00-00</td>\n",
       "      <td>11.7</td>\n",
       "      <td>19.9</td>\n",
       "      <td>10.0</td>\n",
       "    </tr>\n",
       "    <tr>\n",
       "      <th>1981-03-17</th>\n",
       "      <td>00-00-00</td>\n",
       "      <td>14.2</td>\n",
       "      <td>16.6</td>\n",
       "      <td>9.8</td>\n",
       "    </tr>\n",
       "    <tr>\n",
       "      <th>1981-03-18</th>\n",
       "      <td>00-00-00</td>\n",
       "      <td>11.2</td>\n",
       "      <td>16.8</td>\n",
       "      <td>11.5</td>\n",
       "    </tr>\n",
       "    <tr>\n",
       "      <th>1981-03-19</th>\n",
       "      <td>00-00-00</td>\n",
       "      <td>16.9</td>\n",
       "      <td>14.6</td>\n",
       "      <td>8.9</td>\n",
       "    </tr>\n",
       "    <tr>\n",
       "      <th>1981-03-20</th>\n",
       "      <td>00-00-00</td>\n",
       "      <td>16.7</td>\n",
       "      <td>17.1</td>\n",
       "      <td>7.4</td>\n",
       "    </tr>\n",
       "    <tr>\n",
       "      <th>1981-03-21</th>\n",
       "      <td>00-00-00</td>\n",
       "      <td>8.1</td>\n",
       "      <td>25.0</td>\n",
       "      <td>9.9</td>\n",
       "    </tr>\n",
       "    <tr>\n",
       "      <th>1981-03-22</th>\n",
       "      <td>00-00-00</td>\n",
       "      <td>8.0</td>\n",
       "      <td>15.0</td>\n",
       "      <td>9.3</td>\n",
       "    </tr>\n",
       "    <tr>\n",
       "      <th>1981-03-23</th>\n",
       "      <td>00-00-00</td>\n",
       "      <td>8.8</td>\n",
       "      <td>13.7</td>\n",
       "      <td>9.9</td>\n",
       "    </tr>\n",
       "    <tr>\n",
       "      <th>1981-03-24</th>\n",
       "      <td>00-00-00</td>\n",
       "      <td>13.4</td>\n",
       "      <td>13.9</td>\n",
       "      <td>7.4</td>\n",
       "    </tr>\n",
       "    <tr>\n",
       "      <th>1981-03-25</th>\n",
       "      <td>00-00-00</td>\n",
       "      <td>10.9</td>\n",
       "      <td>18.3</td>\n",
       "      <td>5.3</td>\n",
       "    </tr>\n",
       "    <tr>\n",
       "      <th>1981-03-26</th>\n",
       "      <td>00-00-00</td>\n",
       "      <td>13.4</td>\n",
       "      <td>22.0</td>\n",
       "      <td>6.6</td>\n",
       "    </tr>\n",
       "    <tr>\n",
       "      <th>1981-03-27</th>\n",
       "      <td>00-00-00</td>\n",
       "      <td>11.0</td>\n",
       "      <td>22.1</td>\n",
       "      <td>8.5</td>\n",
       "    </tr>\n",
       "    <tr>\n",
       "      <th>1981-03-28</th>\n",
       "      <td>00-00-00</td>\n",
       "      <td>15.0</td>\n",
       "      <td>21.2</td>\n",
       "      <td>11.2</td>\n",
       "    </tr>\n",
       "    <tr>\n",
       "      <th>1981-03-29</th>\n",
       "      <td>00-00-00</td>\n",
       "      <td>15.7</td>\n",
       "      <td>18.4</td>\n",
       "      <td>9.8</td>\n",
       "    </tr>\n",
       "    <tr>\n",
       "      <th>1981-03-30</th>\n",
       "      <td>00-00-00</td>\n",
       "      <td>14.5</td>\n",
       "      <td>16.6</td>\n",
       "      <td>5.9</td>\n",
       "    </tr>\n",
       "    <tr>\n",
       "      <th>1981-03-31</th>\n",
       "      <td>00-00-00</td>\n",
       "      <td>15.8</td>\n",
       "      <td>16.1</td>\n",
       "      <td>3.2</td>\n",
       "    </tr>\n",
       "    <tr>\n",
       "      <th>1981-01-20</th>\n",
       "      <td>00-00-00</td>\n",
       "      <td>15.5</td>\n",
       "      <td>15.7</td>\n",
       "      <td>2.1</td>\n",
       "    </tr>\n",
       "    <tr>\n",
       "      <th>1981-01-21</th>\n",
       "      <td>00-00-00</td>\n",
       "      <td>18.2</td>\n",
       "      <td>16.6</td>\n",
       "      <td>3.4</td>\n",
       "    </tr>\n",
       "    <tr>\n",
       "      <th>1981-01-22</th>\n",
       "      <td>00-00-00</td>\n",
       "      <td>12.1</td>\n",
       "      <td>16.5</td>\n",
       "      <td>5.4</td>\n",
       "    </tr>\n",
       "    <tr>\n",
       "      <th>1981-01-23</th>\n",
       "      <td>00-00-00</td>\n",
       "      <td>14.4</td>\n",
       "      <td>14.4</td>\n",
       "      <td>9.6</td>\n",
       "    </tr>\n",
       "    <tr>\n",
       "      <th>1981-01-24</th>\n",
       "      <td>00-00-00</td>\n",
       "      <td>16.0</td>\n",
       "      <td>14.4</td>\n",
       "      <td>11.5</td>\n",
       "    </tr>\n",
       "    <tr>\n",
       "      <th>1981-01-25</th>\n",
       "      <td>00-00-00</td>\n",
       "      <td>16.5</td>\n",
       "      <td>18.5</td>\n",
       "      <td>12.3</td>\n",
       "    </tr>\n",
       "    <tr>\n",
       "      <th>1981-01-26</th>\n",
       "      <td>00-00-00</td>\n",
       "      <td>18.7</td>\n",
       "      <td>16.9</td>\n",
       "      <td>12.6</td>\n",
       "    </tr>\n",
       "    <tr>\n",
       "      <th>1981-01-27</th>\n",
       "      <td>00-00-00</td>\n",
       "      <td>19.4</td>\n",
       "      <td>17.5</td>\n",
       "      <td>11.0</td>\n",
       "    </tr>\n",
       "    <tr>\n",
       "      <th>1981-01-28</th>\n",
       "      <td>00-00-00</td>\n",
       "      <td>17.2</td>\n",
       "      <td>21.2</td>\n",
       "      <td>11.2</td>\n",
       "    </tr>\n",
       "    <tr>\n",
       "      <th>1981-01-29</th>\n",
       "      <td>00-00-00</td>\n",
       "      <td>15.5</td>\n",
       "      <td>7.0</td>\n",
       "      <td>15.4</td>\n",
       "    </tr>\n",
       "    <tr>\n",
       "      <th>1981-01-30</th>\n",
       "      <td>00-00-00</td>\n",
       "      <td>15.1</td>\n",
       "      <td>7.2</td>\n",
       "      <td>15.5</td>\n",
       "    </tr>\n",
       "  </tbody>\n",
       "</table>\n",
       "</div>"
      ],
      "text/plain": [
       "           Unnamed: 1    D1    D2    D3\n",
       "Time                                   \n",
       "1981-03-14   00-00-00  11.3  18.8  10.6\n",
       "1981-03-15   00-00-00  10.6  21.9   9.0\n",
       "1981-03-16   00-00-00  11.7  19.9  10.0\n",
       "1981-03-17   00-00-00  14.2  16.6   9.8\n",
       "1981-03-18   00-00-00  11.2  16.8  11.5\n",
       "1981-03-19   00-00-00  16.9  14.6   8.9\n",
       "1981-03-20   00-00-00  16.7  17.1   7.4\n",
       "1981-03-21   00-00-00   8.1  25.0   9.9\n",
       "1981-03-22   00-00-00   8.0  15.0   9.3\n",
       "1981-03-23   00-00-00   8.8  13.7   9.9\n",
       "1981-03-24   00-00-00  13.4  13.9   7.4\n",
       "1981-03-25   00-00-00  10.9  18.3   5.3\n",
       "1981-03-26   00-00-00  13.4  22.0   6.6\n",
       "1981-03-27   00-00-00  11.0  22.1   8.5\n",
       "1981-03-28   00-00-00  15.0  21.2  11.2\n",
       "1981-03-29   00-00-00  15.7  18.4   9.8\n",
       "1981-03-30   00-00-00  14.5  16.6   5.9\n",
       "1981-03-31   00-00-00  15.8  16.1   3.2\n",
       "1981-01-20   00-00-00  15.5  15.7   2.1\n",
       "1981-01-21   00-00-00  18.2  16.6   3.4\n",
       "1981-01-22   00-00-00  12.1  16.5   5.4\n",
       "1981-01-23   00-00-00  14.4  14.4   9.6\n",
       "1981-01-24   00-00-00  16.0  14.4  11.5\n",
       "1981-01-25   00-00-00  16.5  18.5  12.3\n",
       "1981-01-26   00-00-00  18.7  16.9  12.6\n",
       "1981-01-27   00-00-00  19.4  17.5  11.0\n",
       "1981-01-28   00-00-00  17.2  21.2  11.2\n",
       "1981-01-29   00-00-00  15.5   7.0  15.4\n",
       "1981-01-30   00-00-00  15.1   7.2  15.5"
      ]
     },
     "execution_count": 4,
     "metadata": {},
     "output_type": "execute_result"
    }
   ],
   "source": [
    "data[\"Time\"] = pd.to_datetime(data[\"Time\"])\n",
    "data = data.set_index(\"Time\")\n",
    "data"
   ]
  },
  {
   "cell_type": "code",
   "execution_count": 11,
   "metadata": {},
   "outputs": [
    {
     "data": {
      "text/html": [
       "<div>\n",
       "<style scoped>\n",
       "    .dataframe tbody tr th:only-of-type {\n",
       "        vertical-align: middle;\n",
       "    }\n",
       "\n",
       "    .dataframe tbody tr th {\n",
       "        vertical-align: top;\n",
       "    }\n",
       "\n",
       "    .dataframe thead th {\n",
       "        text-align: right;\n",
       "    }\n",
       "</style>\n",
       "<table border=\"1\" class=\"dataframe\">\n",
       "  <thead>\n",
       "    <tr style=\"text-align: right;\">\n",
       "      <th></th>\n",
       "      <th>Unnamed: 1</th>\n",
       "      <th>D1</th>\n",
       "      <th>D2</th>\n",
       "      <th>D3</th>\n",
       "    </tr>\n",
       "    <tr>\n",
       "      <th>Time</th>\n",
       "      <th></th>\n",
       "      <th></th>\n",
       "      <th></th>\n",
       "      <th></th>\n",
       "    </tr>\n",
       "  </thead>\n",
       "  <tbody>\n",
       "    <tr>\n",
       "      <th>1981-01-20</th>\n",
       "      <td>00-00-00</td>\n",
       "      <td>15.5</td>\n",
       "      <td>15.7</td>\n",
       "      <td>2.1</td>\n",
       "    </tr>\n",
       "    <tr>\n",
       "      <th>1981-01-21</th>\n",
       "      <td>00-00-00</td>\n",
       "      <td>18.2</td>\n",
       "      <td>16.6</td>\n",
       "      <td>3.4</td>\n",
       "    </tr>\n",
       "    <tr>\n",
       "      <th>1981-01-22</th>\n",
       "      <td>00-00-00</td>\n",
       "      <td>12.1</td>\n",
       "      <td>16.5</td>\n",
       "      <td>5.4</td>\n",
       "    </tr>\n",
       "    <tr>\n",
       "      <th>1981-01-23</th>\n",
       "      <td>00-00-00</td>\n",
       "      <td>14.4</td>\n",
       "      <td>14.4</td>\n",
       "      <td>9.6</td>\n",
       "    </tr>\n",
       "    <tr>\n",
       "      <th>1981-01-24</th>\n",
       "      <td>00-00-00</td>\n",
       "      <td>16.0</td>\n",
       "      <td>14.4</td>\n",
       "      <td>11.5</td>\n",
       "    </tr>\n",
       "    <tr>\n",
       "      <th>1981-01-25</th>\n",
       "      <td>00-00-00</td>\n",
       "      <td>16.5</td>\n",
       "      <td>18.5</td>\n",
       "      <td>12.3</td>\n",
       "    </tr>\n",
       "    <tr>\n",
       "      <th>1981-01-26</th>\n",
       "      <td>00-00-00</td>\n",
       "      <td>18.7</td>\n",
       "      <td>16.9</td>\n",
       "      <td>12.6</td>\n",
       "    </tr>\n",
       "    <tr>\n",
       "      <th>1981-01-27</th>\n",
       "      <td>00-00-00</td>\n",
       "      <td>19.4</td>\n",
       "      <td>17.5</td>\n",
       "      <td>11.0</td>\n",
       "    </tr>\n",
       "    <tr>\n",
       "      <th>1981-01-28</th>\n",
       "      <td>00-00-00</td>\n",
       "      <td>17.2</td>\n",
       "      <td>21.2</td>\n",
       "      <td>11.2</td>\n",
       "    </tr>\n",
       "    <tr>\n",
       "      <th>1981-01-29</th>\n",
       "      <td>00-00-00</td>\n",
       "      <td>15.5</td>\n",
       "      <td>7.0</td>\n",
       "      <td>15.4</td>\n",
       "    </tr>\n",
       "    <tr>\n",
       "      <th>1981-01-30</th>\n",
       "      <td>00-00-00</td>\n",
       "      <td>15.1</td>\n",
       "      <td>7.2</td>\n",
       "      <td>15.5</td>\n",
       "    </tr>\n",
       "  </tbody>\n",
       "</table>\n",
       "</div>"
      ],
      "text/plain": [
       "           Unnamed: 1    D1    D2    D3\n",
       "Time                                   \n",
       "1981-01-20   00-00-00  15.5  15.7   2.1\n",
       "1981-01-21   00-00-00  18.2  16.6   3.4\n",
       "1981-01-22   00-00-00  12.1  16.5   5.4\n",
       "1981-01-23   00-00-00  14.4  14.4   9.6\n",
       "1981-01-24   00-00-00  16.0  14.4  11.5\n",
       "1981-01-25   00-00-00  16.5  18.5  12.3\n",
       "1981-01-26   00-00-00  18.7  16.9  12.6\n",
       "1981-01-27   00-00-00  19.4  17.5  11.0\n",
       "1981-01-28   00-00-00  17.2  21.2  11.2\n",
       "1981-01-29   00-00-00  15.5   7.0  15.4\n",
       "1981-01-30   00-00-00  15.1   7.2  15.5"
      ]
     },
     "execution_count": 11,
     "metadata": {},
     "output_type": "execute_result"
    }
   ],
   "source": [
    "data[data.index.month==1]"
   ]
  },
  {
   "cell_type": "code",
   "execution_count": 13,
   "metadata": {},
   "outputs": [
    {
     "data": {
      "text/html": [
       "<div>\n",
       "<style scoped>\n",
       "    .dataframe tbody tr th:only-of-type {\n",
       "        vertical-align: middle;\n",
       "    }\n",
       "\n",
       "    .dataframe tbody tr th {\n",
       "        vertical-align: top;\n",
       "    }\n",
       "\n",
       "    .dataframe thead th {\n",
       "        text-align: right;\n",
       "    }\n",
       "</style>\n",
       "<table border=\"1\" class=\"dataframe\">\n",
       "  <thead>\n",
       "    <tr style=\"text-align: right;\">\n",
       "      <th></th>\n",
       "      <th>Unnamed: 1</th>\n",
       "      <th>D1</th>\n",
       "      <th>D2</th>\n",
       "      <th>D3</th>\n",
       "    </tr>\n",
       "    <tr>\n",
       "      <th>Time</th>\n",
       "      <th></th>\n",
       "      <th></th>\n",
       "      <th></th>\n",
       "      <th></th>\n",
       "    </tr>\n",
       "  </thead>\n",
       "  <tbody>\n",
       "  </tbody>\n",
       "</table>\n",
       "</div>"
      ],
      "text/plain": [
       "Empty DataFrame\n",
       "Columns: [Unnamed: 1, D1, D2, D3]\n",
       "Index: []"
      ]
     },
     "execution_count": 13,
     "metadata": {},
     "output_type": "execute_result"
    }
   ],
   "source": [
    "data[(data.index.hour>8) & (data.index.hour < 12)]"
   ]
  },
  {
   "cell_type": "code",
   "execution_count": 16,
   "metadata": {},
   "outputs": [
    {
     "data": {
      "text/html": [
       "<div>\n",
       "<style scoped>\n",
       "    .dataframe tbody tr th:only-of-type {\n",
       "        vertical-align: middle;\n",
       "    }\n",
       "\n",
       "    .dataframe tbody tr th {\n",
       "        vertical-align: top;\n",
       "    }\n",
       "\n",
       "    .dataframe thead th {\n",
       "        text-align: right;\n",
       "    }\n",
       "</style>\n",
       "<table border=\"1\" class=\"dataframe\">\n",
       "  <thead>\n",
       "    <tr style=\"text-align: right;\">\n",
       "      <th></th>\n",
       "      <th>Unnamed: 1</th>\n",
       "      <th>D1</th>\n",
       "      <th>D2</th>\n",
       "      <th>D3</th>\n",
       "    </tr>\n",
       "    <tr>\n",
       "      <th>Time</th>\n",
       "      <th></th>\n",
       "      <th></th>\n",
       "      <th></th>\n",
       "      <th></th>\n",
       "    </tr>\n",
       "  </thead>\n",
       "  <tbody>\n",
       "  </tbody>\n",
       "</table>\n",
       "</div>"
      ],
      "text/plain": [
       "Empty DataFrame\n",
       "Columns: [Unnamed: 1, D1, D2, D3]\n",
       "Index: []"
      ]
     },
     "execution_count": 16,
     "metadata": {},
     "output_type": "execute_result"
    }
   ],
   "source": [
    "y = data.between_time(\"08:00\",\"12:00\")\n",
    "y"
   ]
  },
  {
   "cell_type": "code",
   "execution_count": 17,
   "metadata": {},
   "outputs": [
    {
     "data": {
      "text/html": [
       "<div>\n",
       "<style scoped>\n",
       "    .dataframe tbody tr th:only-of-type {\n",
       "        vertical-align: middle;\n",
       "    }\n",
       "\n",
       "    .dataframe tbody tr th {\n",
       "        vertical-align: top;\n",
       "    }\n",
       "\n",
       "    .dataframe thead th {\n",
       "        text-align: right;\n",
       "    }\n",
       "</style>\n",
       "<table border=\"1\" class=\"dataframe\">\n",
       "  <thead>\n",
       "    <tr style=\"text-align: right;\">\n",
       "      <th></th>\n",
       "      <th>Unnamed: 1</th>\n",
       "      <th>D1</th>\n",
       "      <th>D2</th>\n",
       "      <th>D3</th>\n",
       "    </tr>\n",
       "    <tr>\n",
       "      <th>Time</th>\n",
       "      <th></th>\n",
       "      <th></th>\n",
       "      <th></th>\n",
       "      <th></th>\n",
       "    </tr>\n",
       "  </thead>\n",
       "  <tbody>\n",
       "    <tr>\n",
       "      <th>1981-03-14</th>\n",
       "      <td>00-00-00</td>\n",
       "      <td>11.3</td>\n",
       "      <td>18.8</td>\n",
       "      <td>10.6</td>\n",
       "    </tr>\n",
       "    <tr>\n",
       "      <th>1981-03-15</th>\n",
       "      <td>00-00-00</td>\n",
       "      <td>10.6</td>\n",
       "      <td>21.9</td>\n",
       "      <td>9.0</td>\n",
       "    </tr>\n",
       "    <tr>\n",
       "      <th>1981-03-16</th>\n",
       "      <td>00-00-00</td>\n",
       "      <td>11.7</td>\n",
       "      <td>19.9</td>\n",
       "      <td>10.0</td>\n",
       "    </tr>\n",
       "    <tr>\n",
       "      <th>1981-03-17</th>\n",
       "      <td>00-00-00</td>\n",
       "      <td>14.2</td>\n",
       "      <td>16.6</td>\n",
       "      <td>9.8</td>\n",
       "    </tr>\n",
       "    <tr>\n",
       "      <th>1981-03-18</th>\n",
       "      <td>00-00-00</td>\n",
       "      <td>11.2</td>\n",
       "      <td>16.8</td>\n",
       "      <td>11.5</td>\n",
       "    </tr>\n",
       "  </tbody>\n",
       "</table>\n",
       "</div>"
      ],
      "text/plain": [
       "           Unnamed: 1    D1    D2    D3\n",
       "Time                                   \n",
       "1981-03-14   00-00-00  11.3  18.8  10.6\n",
       "1981-03-15   00-00-00  10.6  21.9   9.0\n",
       "1981-03-16   00-00-00  11.7  19.9  10.0\n",
       "1981-03-17   00-00-00  14.2  16.6   9.8\n",
       "1981-03-18   00-00-00  11.2  16.8  11.5"
      ]
     },
     "execution_count": 17,
     "metadata": {},
     "output_type": "execute_result"
    }
   ],
   "source": [
    "data.head()"
   ]
  },
  {
   "cell_type": "code",
   "execution_count": 18,
   "metadata": {},
   "outputs": [
    {
     "data": {
      "text/html": [
       "<div>\n",
       "<style scoped>\n",
       "    .dataframe tbody tr th:only-of-type {\n",
       "        vertical-align: middle;\n",
       "    }\n",
       "\n",
       "    .dataframe tbody tr th {\n",
       "        vertical-align: top;\n",
       "    }\n",
       "\n",
       "    .dataframe thead th {\n",
       "        text-align: right;\n",
       "    }\n",
       "</style>\n",
       "<table border=\"1\" class=\"dataframe\">\n",
       "  <thead>\n",
       "    <tr style=\"text-align: right;\">\n",
       "      <th></th>\n",
       "      <th>D1</th>\n",
       "      <th>D2</th>\n",
       "      <th>D3</th>\n",
       "    </tr>\n",
       "    <tr>\n",
       "      <th>Time</th>\n",
       "      <th></th>\n",
       "      <th></th>\n",
       "      <th></th>\n",
       "    </tr>\n",
       "  </thead>\n",
       "  <tbody>\n",
       "    <tr>\n",
       "      <th>1981-01-20</th>\n",
       "      <td>15.5</td>\n",
       "      <td>15.7</td>\n",
       "      <td>2.1</td>\n",
       "    </tr>\n",
       "    <tr>\n",
       "      <th>1981-01-21</th>\n",
       "      <td>18.2</td>\n",
       "      <td>16.6</td>\n",
       "      <td>3.4</td>\n",
       "    </tr>\n",
       "    <tr>\n",
       "      <th>1981-01-22</th>\n",
       "      <td>12.1</td>\n",
       "      <td>16.5</td>\n",
       "      <td>5.4</td>\n",
       "    </tr>\n",
       "    <tr>\n",
       "      <th>1981-01-23</th>\n",
       "      <td>14.4</td>\n",
       "      <td>14.4</td>\n",
       "      <td>9.6</td>\n",
       "    </tr>\n",
       "    <tr>\n",
       "      <th>1981-01-24</th>\n",
       "      <td>16.0</td>\n",
       "      <td>14.4</td>\n",
       "      <td>11.5</td>\n",
       "    </tr>\n",
       "  </tbody>\n",
       "</table>\n",
       "</div>"
      ],
      "text/plain": [
       "              D1    D2    D3\n",
       "Time                        \n",
       "1981-01-20  15.5  15.7   2.1\n",
       "1981-01-21  18.2  16.6   3.4\n",
       "1981-01-22  12.1  16.5   5.4\n",
       "1981-01-23  14.4  14.4   9.6\n",
       "1981-01-24  16.0  14.4  11.5"
      ]
     },
     "execution_count": 18,
     "metadata": {},
     "output_type": "execute_result"
    }
   ],
   "source": [
    "data.resample(\"D\").mean().head()"
   ]
  },
  {
   "cell_type": "code",
   "execution_count": 19,
   "metadata": {},
   "outputs": [
    {
     "data": {
      "text/html": [
       "<div>\n",
       "<style scoped>\n",
       "    .dataframe tbody tr th:only-of-type {\n",
       "        vertical-align: middle;\n",
       "    }\n",
       "\n",
       "    .dataframe tbody tr th {\n",
       "        vertical-align: top;\n",
       "    }\n",
       "\n",
       "    .dataframe thead th {\n",
       "        text-align: right;\n",
       "    }\n",
       "</style>\n",
       "<table border=\"1\" class=\"dataframe\">\n",
       "  <thead>\n",
       "    <tr style=\"text-align: right;\">\n",
       "      <th></th>\n",
       "      <th>Unnamed: 1</th>\n",
       "      <th>D1</th>\n",
       "      <th>D2</th>\n",
       "      <th>D3</th>\n",
       "    </tr>\n",
       "    <tr>\n",
       "      <th>Time</th>\n",
       "      <th></th>\n",
       "      <th></th>\n",
       "      <th></th>\n",
       "      <th></th>\n",
       "    </tr>\n",
       "  </thead>\n",
       "  <tbody>\n",
       "    <tr>\n",
       "      <th>1981-01-20</th>\n",
       "      <td>00-00-00</td>\n",
       "      <td>15.5</td>\n",
       "      <td>15.7</td>\n",
       "      <td>2.1</td>\n",
       "    </tr>\n",
       "    <tr>\n",
       "      <th>1981-01-21</th>\n",
       "      <td>00-00-00</td>\n",
       "      <td>18.2</td>\n",
       "      <td>16.6</td>\n",
       "      <td>3.4</td>\n",
       "    </tr>\n",
       "    <tr>\n",
       "      <th>1981-01-22</th>\n",
       "      <td>00-00-00</td>\n",
       "      <td>12.1</td>\n",
       "      <td>16.5</td>\n",
       "      <td>5.4</td>\n",
       "    </tr>\n",
       "    <tr>\n",
       "      <th>1981-01-23</th>\n",
       "      <td>00-00-00</td>\n",
       "      <td>14.4</td>\n",
       "      <td>14.4</td>\n",
       "      <td>9.6</td>\n",
       "    </tr>\n",
       "    <tr>\n",
       "      <th>1981-01-24</th>\n",
       "      <td>00-00-00</td>\n",
       "      <td>16.0</td>\n",
       "      <td>14.4</td>\n",
       "      <td>11.5</td>\n",
       "    </tr>\n",
       "  </tbody>\n",
       "</table>\n",
       "</div>"
      ],
      "text/plain": [
       "           Unnamed: 1    D1    D2    D3\n",
       "Time                                   \n",
       "1981-01-20   00-00-00  15.5  15.7   2.1\n",
       "1981-01-21   00-00-00  18.2  16.6   3.4\n",
       "1981-01-22   00-00-00  12.1  16.5   5.4\n",
       "1981-01-23   00-00-00  14.4  14.4   9.6\n",
       "1981-01-24   00-00-00  16.0  14.4  11.5"
      ]
     },
     "execution_count": 19,
     "metadata": {},
     "output_type": "execute_result"
    }
   ],
   "source": [
    "data.resample(\"D\").max().head()"
   ]
  },
  {
   "cell_type": "code",
   "execution_count": 20,
   "metadata": {},
   "outputs": [
    {
     "data": {
      "text/html": [
       "<div>\n",
       "<style scoped>\n",
       "    .dataframe tbody tr th:only-of-type {\n",
       "        vertical-align: middle;\n",
       "    }\n",
       "\n",
       "    .dataframe tbody tr th {\n",
       "        vertical-align: top;\n",
       "    }\n",
       "\n",
       "    .dataframe thead th {\n",
       "        text-align: right;\n",
       "    }\n",
       "</style>\n",
       "<table border=\"1\" class=\"dataframe\">\n",
       "  <thead>\n",
       "    <tr style=\"text-align: right;\">\n",
       "      <th></th>\n",
       "      <th>D1</th>\n",
       "      <th>D2</th>\n",
       "      <th>D3</th>\n",
       "    </tr>\n",
       "    <tr>\n",
       "      <th>Time</th>\n",
       "      <th></th>\n",
       "      <th></th>\n",
       "      <th></th>\n",
       "    </tr>\n",
       "  </thead>\n",
       "  <tbody>\n",
       "    <tr>\n",
       "      <th>1981-01-20</th>\n",
       "      <td>15.266667</td>\n",
       "      <td>16.266667</td>\n",
       "      <td>3.633333</td>\n",
       "    </tr>\n",
       "    <tr>\n",
       "      <th>1981-01-23</th>\n",
       "      <td>15.633333</td>\n",
       "      <td>15.766667</td>\n",
       "      <td>11.133333</td>\n",
       "    </tr>\n",
       "    <tr>\n",
       "      <th>1981-01-26</th>\n",
       "      <td>18.433333</td>\n",
       "      <td>18.533333</td>\n",
       "      <td>11.600000</td>\n",
       "    </tr>\n",
       "    <tr>\n",
       "      <th>1981-01-29</th>\n",
       "      <td>15.300000</td>\n",
       "      <td>7.100000</td>\n",
       "      <td>15.450000</td>\n",
       "    </tr>\n",
       "    <tr>\n",
       "      <th>1981-02-01</th>\n",
       "      <td>NaN</td>\n",
       "      <td>NaN</td>\n",
       "      <td>NaN</td>\n",
       "    </tr>\n",
       "  </tbody>\n",
       "</table>\n",
       "</div>"
      ],
      "text/plain": [
       "                   D1         D2         D3\n",
       "Time                                       \n",
       "1981-01-20  15.266667  16.266667   3.633333\n",
       "1981-01-23  15.633333  15.766667  11.133333\n",
       "1981-01-26  18.433333  18.533333  11.600000\n",
       "1981-01-29  15.300000   7.100000  15.450000\n",
       "1981-02-01        NaN        NaN        NaN"
      ]
     },
     "execution_count": 20,
     "metadata": {},
     "output_type": "execute_result"
    }
   ],
   "source": [
    "data.resample(\"3D\").mean().head()"
   ]
  },
  {
   "cell_type": "code",
   "execution_count": 21,
   "metadata": {},
   "outputs": [
    {
     "data": {
      "text/html": [
       "<div>\n",
       "<style scoped>\n",
       "    .dataframe tbody tr th:only-of-type {\n",
       "        vertical-align: middle;\n",
       "    }\n",
       "\n",
       "    .dataframe tbody tr th {\n",
